('26', '25') 0.0863385796546936
('25', '26') 0.0863385796546936
('26', '23') 0.09077942371368408
('23', '26') 0.09077942371368408
('nici', 'măcar') 0.17063623666763306
('măcar', 'nici') 0.17063623666763306
('7', '5') 0.12494784593582153
('5', '7') 0.12494784593582153
('25', '23') 0.12407416105270386
('23', '25') 0.12407416105270386
('26', '17') 0.08368611335754395
('17', '26') 0.08368611335754395
('26', '27') 0.046362996101379395
('27', '26') 0.046362996101379395
('7', '17') 0.18127799034118652
('17', '7') 0.18127799034118652
('25', '17') 0.1282065510749817
('17', '25') 0.1282065510749817
('25', '27') 0.1119159460067749
('27', '25') 0.1119159460067749
('februarie', 'ianuarie') 0.045294344425201416
('ianuarie', 'februarie') 0.045294344425201416
('23', '17') 0.08699440956115723
('17', '23') 0.08699440956115723
('23', '27') 0.10227096080780029
('27', '23') 0.10227096080780029
('26', '11') 0.13552236557006836
('11', '26') 0.13552236557006836
('ribonucleic', 'dezoxiribonucleic') 0.1103397011756897
('dezoxiribonucleic', 'ribonucleic') 0.1103397011756897
('7', '11') 0.1578187346458435
('11', '7') 0.1578187346458435
('asemănător', 'similar') 0.15722233057022095
('similar', 'asemănător') 0.15722233057022095
('25', '11') 0.17506688833236694
('11', '25') 0.17506688833236694
('neclintire', 'clintire') 0.16019248962402344
('clintire', 'neclintire') 0.16019248962402344
('cincea', 'treia') 0.1526280641555786
('treia', 'cincea') 0.1526280641555786
('23', '11') 0.10208427906036377
('11', '23') 0.10208427906036377
('exterioară', 'interioară') 0.1588485836982727
('interioară', 'exterioară') 0.1588485836982727
('februarie', 'octombrie') 0.06794631481170654
('octombrie', 'februarie') 0.06794631481170654
('ribonucleic', 'nucleic') 0.16153812408447266
('nucleic', 'ribonucleic') 0.16153812408447266
('februarie', 'iulie') 0.08845216035842896
('iulie', 'februarie') 0.08845216035842896
('39', '45') 0.18014580011367798
('45', '39') 0.18014580011367798
('superior', 'inferior') 0.15210771560668945
('inferior', 'superior') 0.15210771560668945
('39', '54') 0.15073728561401367
('54', '39') 0.15073728561401367
('întoarce', 'reîntoarce') 0.18996477127075195
('reîntoarce', 'întoarce') 0.18996477127075195
('introvertit', 'extrovertit') 0.1981264352798462
('extrovertit', 'introvertit') 0.1981264352798462
('ventricul', 'ventricular') 0.1605970859527588
('ventricular', 'ventricul') 0.1605970859527588
('exterior', 'interior') 0.12590694427490234
('interior', 'exterior') 0.12590694427490234
('39', '32') 0.13305479288101196
('32', '39') 0.13305479288101196
('23', '32') 0.19434571266174316
('32', '23') 0.19434571266174316
('26', '19') 0.0888482928276062
('19', '26') 0.0888482928276062
('26', '14') 0.12587708234786987
('14', '26') 0.12587708234786987
('26', '8') 0.19217437505722046
('8', '26') 0.19217437505722046
('26', '29') 0.05673485994338989
('29', '26') 0.05673485994338989
('7', '14') 0.18308669328689575
('14', '7') 0.18308669328689575
('7', '8') 0.04126375913619995
('8', '7') 0.04126375913619995
('7', '29') 0.19515681266784668
('29', '7') 0.19515681266784668
('25', '19') 0.13835251331329346
('19', '25') 0.13835251331329346
('25', '14') 0.1554657220840454
('14', '25') 0.1554657220840454
('25', '29') 0.11535167694091797
('29', '25') 0.11535167694091797
('douăzeci', 'treizeci') 0.11669260263442993
('treizeci', 'douăzeci') 0.11669260263442993
('februarie', 'noiembrie') 0.07260876893997192
('noiembrie', 'februarie') 0.07260876893997192
('5', '8') 0.14885038137435913
('8', '5') 0.14885038137435913
('23', '19') 0.09974265098571777
('19', '23') 0.09974265098571777
('23', '14') 0.08503907918930054
('14', '23') 0.08503907918930054
('23', '29') 0.10055625438690186
('29', '23') 0.10055625438690186
('7', '2') 0.1545596718788147
('2', '7') 0.1545596718788147
('5', '2') 0.14294201135635376
('2', '5') 0.14294201135635376
('șarlatanie', 'șarlatan') 0.16395217180252075
('șarlatan', 'șarlatanie') 0.16395217180252075
('feminin', 'masculin') 0.12627410888671875
('masculin', 'feminin') 0.12627410888671875
('26', '24') 0.18952202796936035
('24', '26') 0.18952202796936035
('fabrică', 'fabrica') 0.19242489337921143
('fabrica', 'fabrică') 0.19242489337921143
('7', '6') 0.08124411106109619
('6', '7') 0.08124411106109619
('7', '3') 0.12093627452850342
('3', '7') 0.12093627452850342
('5', '6') 0.10382616519927979
('6', '5') 0.10382616519927979
('5', '3') 0.11036914587020874
('3', '5') 0.11036914587020874
('23', '24') 0.17722994089126587
('24', '23') 0.17722994089126587
('26', '22') 0.1213642954826355
('22', '26') 0.1213642954826355
('25', '22') 0.13680124282836914
('22', '25') 0.13680124282836914
('23', '22') 0.05621141195297241
('22', '23') 0.05621141195297241
('26', '20') 0.16194498538970947
('20', '26') 0.16194498538970947
('26', '18') 0.10623210668563843
('18', '26') 0.10623210668563843
('26', '15') 0.126686692237854
('15', '26') 0.126686692237854
('7', '4') 0.08688759803771973
('4', '7') 0.08688759803771973
('7', '15') 0.18893587589263916
('15', '7') 0.18893587589263916
('25', '20') 0.1003909707069397
('20', '25') 0.1003909707069397
('25', '18') 0.12988829612731934
('18', '25') 0.12988829612731934
('25', '15') 0.10915493965148926
('15', '25') 0.10915493965148926
('februarie', 'august') 0.08778995275497437
('august', 'februarie') 0.08778995275497437
('5', '4') 0.08808666467666626
('4', '5') 0.08808666467666626
('cocoloș', 'cocoloși') 0.1566377878189087
('cocoloși', 'cocoloș') 0.1566377878189087
('23', '20') 0.1376248002052307
('20', '23') 0.1376248002052307
('23', '18') 0.1094629168510437
('18', '23') 0.1094629168510437
('23', '15') 0.14136171340942383
('15', '23') 0.14136171340942383
('26', '28') 0.04346197843551636
('28', '26') 0.04346197843551636
('7', '28') 0.19492220878601074
('28', '7') 0.19492220878601074
('anabolizant', 'anabolic') 0.17568153142929077
('anabolic', 'anabolizant') 0.17568153142929077
('25', '28') 0.11017453670501709
('28', '25') 0.11017453670501709
('februarie', 'aprilie') 0.059364259243011475
('aprilie', 'februarie') 0.059364259243011475
('23', '28') 0.09697800874710083
('28', '23') 0.09697800874710083
('26', '21') 0.1142725944519043
('21', '26') 0.1142725944519043
('extern', 'intern') 0.17830991744995117
('intern', 'extern') 0.17830991744995117
('25', '21') 0.14453691244125366
('21', '25') 0.14453691244125366
('frică', 'teamă') 0.11052089929580688
('teamă', 'frică') 0.11052089929580688
('23', '21') 0.07060855627059937
('21', '23') 0.07060855627059937
('filozof', 'filosof') 0.17973542213439941
('filosof', 'filozof') 0.17973542213439941
('februarie', 'decembrie') 0.0897364616394043
('decembrie', 'februarie') 0.0897364616394043
('februarie', 'iunie') 0.09860491752624512
('iunie', 'februarie') 0.09860491752624512
('asimilație', 'dezasimilație') 0.14384829998016357
('dezasimilație', 'asimilație') 0.14384829998016357
('26', '30') 0.16908562183380127
('30', '26') 0.16908562183380127
('coacăză', 'coacăz') 0.14308243989944458
('coacăz', 'coacăză') 0.14308243989944458
('25', '30') 0.10215914249420166
('30', '25') 0.10215914249420166
('douăzeci', 'cincizeci') 0.17789655923843384
('cincizeci', 'douăzeci') 0.17789655923843384
('23', '30') 0.16515254974365234
('30', '23') 0.16515254974365234
('toamnă', 'primăvară') 0.16296792030334473
('primăvară', 'toamnă') 0.16296792030334473
('7', '10') 0.17112773656845093
('10', '7') 0.17112773656845093
('25', '10') 0.17559033632278442
('10', '25') 0.17559033632278442
('5', '10') 0.1904415488243103
('10', '5') 0.1904415488243103
('23', '10') 0.1935834288597107
('10', '23') 0.1935834288597107
('17', '27') 0.08341491222381592
('27', '17') 0.08341491222381592
('semnificativ', 'considerabil') 0.17951655387878418
('considerabil', 'semnificativ') 0.17951655387878418
('17', '11') 0.06686335802078247
('11', '17') 0.06686335802078247
('27', '11') 0.14062178134918213
('11', '27') 0.14062178134918213
('șase', 'cinci') 0.13065659999847412
('cinci', 'șase') 0.13065659999847412
('sud-est', 'nord-est') 0.15785372257232666
('nord-est', 'sud-est') 0.15785372257232666
('ianuarie', 'octombrie') 0.07876855134963989
('octombrie', 'ianuarie') 0.07876855134963989
('șase', 'patru') 0.16686677932739258
('patru', 'șase') 0.16686677932739258
('vinificare', 'vinificație') 0.18069320917129517
('vinificație', 'vinificare') 0.18069320917129517
('ianuarie', 'iulie') 0.09361386299133301
('iulie', 'ianuarie') 0.09361386299133301
('superioară', 'inferioară') 0.11517661809921265
('inferioară', 'superioară') 0.11517661809921265
('zigomatic', 'zygomatic') 0.16769379377365112
('zygomatic', 'zigomatic') 0.16769379377365112
('histaminică', 'histaminic') 0.15250170230865479
('histaminic', 'histaminică') 0.15250170230865479
('șase', 'șapte') 0.07624375820159912
('șapte', 'șase') 0.07624375820159912
('17', '19') 0.05102431774139404
('19', '17') 0.05102431774139404
('17', '14') 0.06260544061660767
('14', '17') 0.06260544061660767
('17', '8') 0.15506809949874878
('8', '17') 0.15506809949874878
('17', '29') 0.09634417295455933
('29', '17') 0.09634417295455933
('ianuarie', 'noiembrie') 0.07320648431777954
('noiembrie', 'ianuarie') 0.07320648431777954
('27', '19') 0.09453696012496948
('19', '27') 0.09453696012496948
('27', '14') 0.1306384801864624
('14', '27') 0.1306384801864624
('27', '8') 0.1999894380569458
('8', '27') 0.1999894380569458
('27', '29') 0.05474907159805298
('29', '27') 0.05474907159805298
('pâlpâitoare', 'pâlpâi') 0.19333934783935547
('pâlpâi', 'pâlpâitoare') 0.19333934783935547
('politice', 'economice') 0.19475215673446655
('economice', 'politice') 0.19475215673446655
('17', '22') 0.11632829904556274
('22', '17') 0.11632829904556274
('rapid', 'repede') 0.18531835079193115
('repede', 'rapid') 0.18531835079193115
('27', '22') 0.1287773847579956
('22', '27') 0.1287773847579956
('șase', 'trei') 0.15836018323898315
('trei', 'șase') 0.15836018323898315
('17', '20') 0.1199755072593689
('20', '17') 0.1199755072593689
('17', '18') 0.04655909538269043
('18', '17') 0.04655909538269043
('17', '15') 0.07992810010910034
('15', '17') 0.07992810010910034
('atât', 'cât') 0.1086496114730835
('cât', 'atât') 0.1086496114730835
('ianuarie', 'august') 0.09271037578582764
('august', 'ianuarie') 0.09271037578582764
('27', '20') 0.16917818784713745
('20', '27') 0.16917818784713745
('27', '18') 0.10567969083786011
('18', '27') 0.10567969083786011
('27', '15') 0.13812953233718872
('15', '27') 0.13812953233718872
('17', '28') 0.0806695818901062
('28', '17') 0.0806695818901062
('emisiunea', 'emisiune') 0.1807733178138733
('emisiune', 'emisiunea') 0.1807733178138733
('ianuarie', 'aprilie') 0.08556127548217773
('aprilie', 'ianuarie') 0.08556127548217773
('prea', 'destul') 0.18377584218978882
('destul', 'prea') 0.18377584218978882
('27', '28') 0.040217041969299316
('28', '27') 0.040217041969299316
('sud-est', 'nord-vest') 0.1642267107963562
('nord-vest', 'sud-est') 0.1642267107963562
('utiliza', 'folosi') 0.15196466445922852
('folosi', 'utiliza') 0.15196466445922852
('17', '21') 0.08191269636154175
('21', '17') 0.08191269636154175
('27', '21') 0.12078112363815308
('21', '27') 0.12078112363815308
('macroscopică', 'microscopică') 0.19053637981414795
('microscopică', 'macroscopică') 0.19053637981414795
('ianuarie', 'decembrie') 0.07918846607208252
('decembrie', 'ianuarie') 0.07918846607208252
('ianuarie', 'iunie') 0.11096680164337158
('iunie', 'ianuarie') 0.11096680164337158
('șase', 'opt') 0.138577401638031
('opt', 'șase') 0.138577401638031
('17', '30') 0.17198306322097778
('30', '17') 0.17198306322097778
('27', '30') 0.1673474907875061
('30', '27') 0.1673474907875061
('sud-est', 'sud-vest') 0.14778786897659302
('sud-vest', 'sud-est') 0.14778786897659302
('17', '10') 0.15497946739196777
('10', '17') 0.15497946739196777
('alb', 'negru') 0.17933368682861328
('negru', 'alb') 0.17933368682861328
('externă', 'internă') 0.15987342596054077
('internă', 'externă') 0.15987342596054077
('calculatoare', 'computere') 0.1955045461654663
('computere', 'calculatoare') 0.1955045461654663
('1000', '500') 0.19963085651397705
('500', '1000') 0.19963085651397705
('îngâmfa', 'îngâmf') 0.14879918098449707
('îngâmf', 'îngâmfa') 0.14879918098449707
('11', '32') 0.19414693117141724
('32', '11') 0.19414693117141724
('curmezișul', 'curmeziș') 0.19934552907943726
('curmeziș', 'curmezișul') 0.19934552907943726
('azvârli', 'zvârli') 0.1454470157623291
('zvârli', 'azvârli') 0.1454470157623291
('carboxilic', 'tricarboxilic') 0.14212125539779663
('tricarboxilic', 'carboxilic') 0.14212125539779663
('11', '19') 0.10568302869796753
('19', '11') 0.10568302869796753
('11', '14') 0.055556297302246094
('14', '11') 0.055556297302246094
('11', '8') 0.13637226819992065
('8', '11') 0.13637226819992065
('11', '29') 0.1338823437690735
('29', '11') 0.1338823437690735
('orizontal', 'vertical') 0.1714235544204712
('vertical', 'orizontal') 0.1714235544204712
('șubrezit', 'șubrezi') 0.1978275179862976
('șubrezi', 'șubrezit') 0.1978275179862976
('11', '6') 0.18186986446380615
('6', '11') 0.18186986446380615
('oleic', 'linoleic') 0.1431204080581665
('linoleic', 'oleic') 0.1431204080581665
('11', '22') 0.13316714763641357
('22', '11') 0.13316714763641357
('cerebrospinal', 'cerebrospinală') 0.15298527479171753
('cerebrospinală', 'cerebrospinal') 0.15298527479171753
('trifoliata', 'integrifolia') 0.1856234073638916
('integrifolia', 'trifoliata') 0.1856234073638916
('mingea', 'minge') 0.19084066152572632
('minge', 'mingea') 0.19084066152572632
('11', '4') 0.19968605041503906
('4', '11') 0.19968605041503906
('11', '20') 0.12765204906463623
('20', '11') 0.12765204906463623
('11', '18') 0.1010395884513855
('18', '11') 0.1010395884513855
('11', '15') 0.09703952074050903
('15', '11') 0.09703952074050903
('doar', 'numai') 0.13892805576324463
('numai', 'doar') 0.13892805576324463
('treia', 'doua') 0.15553057193756104
('doua', 'treia') 0.15553057193756104
('11', '28') 0.12136411666870117
('28', '11') 0.12136411666870117
('11', '21') 0.0758325457572937
('21', '11') 0.0758325457572937
('11', '30') 0.18973815441131592
('30', '11') 0.18973815441131592
('11', '10') 0.10080480575561523
('10', '11') 0.10080480575561523
('cinci', 'patru') 0.07995522022247314
('patru', 'cinci') 0.07995522022247314
('cincilea', 'patrulea') 0.13498443365097046
('patrulea', 'cincilea') 0.13498443365097046
('nord-est', 'nord') 0.1852208971977234
('nord', 'nord-est') 0.1852208971977234
('octombrie', 'iulie') 0.055762529373168945
('iulie', 'octombrie') 0.055762529373168945
('temperatură', 'temperatura') 0.18730002641677856
('temperatura', 'temperatură') 0.18730002641677856
('cuneiformă', 'cuneiform') 0.16133403778076172
('cuneiform', 'cuneiformă') 0.16133403778076172
('vitamina', 'vitamină') 0.16302603483200073
('vitamină', 'vitamina') 0.16302603483200073
('cufund', 'afund') 0.19824665784835815
('afund', 'cufund') 0.19824665784835815
('înfierbânta', 'înfierbântat') 0.18458259105682373
('înfierbântat', 'înfierbânta') 0.18458259105682373
('cinci', 'zece') 0.08374553918838501
('zece', 'cinci') 0.08374553918838501
('sanguin', 'sangvin') 0.18557602167129517
('sangvin', 'sanguin') 0.18557602167129517
('zbârli', 'zbârlit') 0.1900067925453186
('zbârlit', 'zbârli') 0.1900067925453186
('chinensis', 'sinensis') 0.11999911069869995
('sinensis', 'chinensis') 0.11999911069869995
('rezem', 'rezema') 0.16804182529449463
('rezema', 'rezem') 0.16804182529449463
('cinci', 'șapte') 0.16418761014938354
('șapte', 'cinci') 0.16418761014938354
('răsfir', 'răsfira') 0.15422362089157104
('răsfira', 'răsfir') 0.15422362089157104
('octombrie', 'noiembrie') 0.035897672176361084
('noiembrie', 'octombrie') 0.035897672176361084
('taxa', 'taxă') 0.18891119956970215
('taxă', 'taxa') 0.18891119956970215
('înfierbânta', 'înfierbânt') 0.14231473207473755
('înfierbânt', 'înfierbânta') 0.14231473207473755
('cincilea', 'treilea') 0.15694433450698853
('treilea', 'cincilea') 0.15694433450698853
('cinci', 'trei') 0.06525003910064697
('trei', 'cinci') 0.06525003910064697
('eterodox', 'heterodox') 0.11673301458358765
('heterodox', 'eterodox') 0.11673301458358765
('octombrie', 'august') 0.06375181674957275
('august', 'octombrie') 0.06375181674957275
('tânguială', 'tânguire') 0.19296669960021973
('tânguire', 'tânguială') 0.19296669960021973
('octombrie', 'aprilie') 0.05879491567611694
('aprilie', 'octombrie') 0.05879491567611694
('nord-est', 'nord-vest') 0.12878650426864624
('nord-vest', 'nord-est') 0.12878650426864624
('dârdâit', 'dârdâi') 0.09355020523071289
('dârdâi', 'dârdâit') 0.09355020523071289
('jurnalist', 'ziarist') 0.16067630052566528
('ziarist', 'jurnalist') 0.16067630052566528
('păcălelii', 'păcălelilor') 0.17726606130599976
('păcălelilor', 'păcălelii') 0.17726606130599976
('octombrie', 'decembrie') 0.08158004283905029
('decembrie', 'octombrie') 0.08158004283905029
('octombrie', 'iunie') 0.06318628787994385
('iunie', 'octombrie') 0.06318628787994385
('cinci', 'opt') 0.06864148378372192
('opt', 'cinci') 0.06864148378372192
('desegregare', 'segregare') 0.16606491804122925
('segregare', 'desegregare') 0.16606491804122925
('țărilor', 'țările') 0.19779294729232788
('țările', 'țărilor') 0.19779294729232788
('nord-est', 'sud-vest') 0.1420729160308838
('sud-vest', 'nord-est') 0.1420729160308838
('45', '54') 0.13818669319152832
('54', '45') 0.13818669319152832
('reverstranscriptază', 'reverstranscriptazei') 0.1121225357055664
('reverstranscriptazei', 'reverstranscriptază') 0.1121225357055664
('niscaiva', 'niscai') 0.16743266582489014
('niscai', 'niscaiva') 0.16743266582489014
('patru', 'două') 0.1792994737625122
('două', 'patru') 0.1792994737625122
('45', '32') 0.16854101419448853
('32', '45') 0.16854101419448853
('patrulea', 'doilea') 0.15994131565093994
('doilea', 'patrulea') 0.15994131565093994
('patru', 'zece') 0.16564160585403442
('zece', 'patru') 0.16564160585403442
('benzoil', 'benzoic') 0.16841226816177368
('benzoic', 'benzoil') 0.16841226816177368
('iulie', 'noiembrie') 0.07081204652786255
('noiembrie', 'iulie') 0.07081204652786255
('etilic', 'metilic') 0.15053242444992065
('metilic', 'etilic') 0.15053242444992065
('patru', 'șapte') 0.19020754098892212
('șapte', 'patru') 0.19020754098892212
('nord', 'est') 0.17286837100982666
('est', 'nord') 0.17286837100982666
('incongruență', 'congruență') 0.13428741693496704
('congruență', 'incongruență') 0.13428741693496704
('69', '63') 0.15737509727478027
('63', '69') 0.15737509727478027
('nord', 'sud') 0.03318899869918823
('sud', 'nord') 0.03318899869918823
('schimonosire', 'schimonoseală') 0.17193865776062012
('schimonoseală', 'schimonosire') 0.17193865776062012
('patrulea', 'treilea') 0.09318888187408447
('treilea', 'patrulea') 0.09318888187408447
('orânduială', 'rânduială') 0.19494515657424927
('rânduială', 'orânduială') 0.19494515657424927
('iulie', 'august') 0.047307372093200684
('august', 'iulie') 0.047307372093200684
('pozitiv', 'negativ') 0.1483778953552246
('negativ', 'pozitiv') 0.1483778953552246
('patru', 'trei') 0.05905270576477051
('trei', 'patru') 0.05905270576477051
('nord', 'vest') 0.09795445203781128
('vest', 'nord') 0.09795445203781128
('69', '76') 0.18448984622955322
('76', '69') 0.18448984622955322
('iulie', 'aprilie') 0.06807661056518555
('aprilie', 'iulie') 0.06807661056518555
('folosire', 'utilizare') 0.17630672454833984
('utilizare', 'folosire') 0.17630672454833984
('mari', 'mici') 0.16286706924438477
('mici', 'mari') 0.16286706924438477
('nord', 'nord-vest') 0.1920880675315857
('nord-vest', 'nord') 0.1920880675315857
('calculatorului', 'computerului') 0.19198501110076904
('computerului', 'calculatorului') 0.19198501110076904
('iulie', 'decembrie') 0.10790848731994629
('decembrie', 'iulie') 0.10790848731994629
('iulie', 'iunie') 0.048997700214385986
('iunie', 'iulie') 0.048997700214385986
('echinocțiul', 'echinocțiu') 0.1298789381980896
('echinocțiu', 'echinocțiul') 0.1298789381980896
('45', '50') 0.1738988757133484
('50', '45') 0.1738988757133484
('patru', 'opt') 0.10726088285446167
('opt', 'patru') 0.10726088285446167
('54', '32') 0.14553558826446533
('32', '54') 0.14553558826446533
('demoralizant', 'demoralizator') 0.18941187858581543
('demoralizator', 'demoralizant') 0.18941187858581543
('șerpui', 'șerpuit') 0.1606704592704773
('șerpuit', 'șerpui') 0.1606704592704773
('mânăstire', 'mănăstire') 0.16145437955856323
('mănăstire', 'mânăstire') 0.16145437955856323
('54', '61') 0.1779876947402954
('61', '54') 0.1779876947402954
('molatic', 'molatec') 0.19322383403778076
('molatec', 'molatic') 0.19322383403778076
('ciancobalamină', 'cobalamină') 0.11756598949432373
('cobalamină', 'ciancobalamină') 0.11756598949432373
('năuceală', 'buimăceală') 0.1854313611984253
('buimăceală', 'năuceală') 0.1854313611984253
('batantă', 'batant') 0.18113672733306885
('batant', 'batantă') 0.18113672733306885
('legătură', 'legatură') 0.18943661451339722
('legatură', 'legătură') 0.18943661451339722
('scobitură', 'scobitura') 0.189505934715271
('scobitura', 'scobitură') 0.189505934715271
('două', 'trei') 0.11779844760894775
('trei', 'două') 0.11779844760894775
('polinesaturat', 'polinesaturată') 0.09234297275543213
('polinesaturată', 'polinesaturat') 0.09234297275543213
('circa', 'aproximativ') 0.0984688401222229
('aproximativ', 'circa') 0.0984688401222229
('împroșcat', 'împroșca') 0.19444876909255981
('împroșca', 'împroșcat') 0.19444876909255981
('ireverențios', 'reverențios') 0.1670454740524292
('reverențios', 'ireverențios') 0.1670454740524292
('trinitroglicerină', 'nitroglicerină') 0.1774916648864746
('nitroglicerină', 'trinitroglicerină') 0.1774916648864746
('sistemul', 'sistem') 0.199474036693573
('sistem', 'sistemul') 0.199474036693573
('concert', 'concertul') 0.17888933420181274
('concertul', 'concert') 0.17888933420181274
('îmbib', 'îmbiba') 0.15481626987457275
('îmbiba', 'îmbib') 0.15481626987457275
('descui', 'descuia') 0.19057071208953857
('descuia', 'descui') 0.19057071208953857
('32', '14') 0.18462026119232178
('14', '32') 0.18462026119232178
('piezoelectricitate', 'piezoelectric') 0.19965320825576782
('piezoelectric', 'piezoelectricitate') 0.19965320825576782
('deșuruba', 'înșuruba') 0.10619896650314331
('înșuruba', 'deșuruba') 0.10619896650314331
('doilea', 'treilea') 0.06556493043899536
('treilea', 'doilea') 0.06556493043899536
('atrioventriculară', 'ventriculară') 0.15778493881225586
('ventriculară', 'atrioventriculară') 0.15778493881225586
('zece', 'trei') 0.16218316555023193
('trei', 'zece') 0.16218316555023193
('întărâtare', 'întărâta') 0.18779242038726807
('întărâta', 'întărâtare') 0.18779242038726807
('președintele', 'președinte') 0.1986256241798401
('președinte', 'președintele') 0.1986256241798401
('adenohipofiză', 'hipofiză') 0.16758698225021362
('hipofiză', 'adenohipofiză') 0.16758698225021362
('iubire', 'dragoste') 0.12953728437423706
('dragoste', 'iubire') 0.12953728437423706
('bioxid', 'dioxid') 0.1587967872619629
('dioxid', 'bioxid') 0.1587967872619629
('înghionti', 'ghionti') 0.17870986461639404
('ghionti', 'înghionti') 0.17870986461639404
('70', '90') 0.13039487600326538
('90', '70') 0.13039487600326538
('70', '60') 0.07716268301010132
('60', '70') 0.07716268301010132
('atrioventriculară', 'atrioventricular') 0.11560696363449097
('atrioventricular', 'atrioventriculară') 0.11560696363449097
('ventricular', 'atrioventricular') 0.15739578008651733
('atrioventricular', 'ventricular') 0.15739578008651733
('zece', 'opt') 0.1145971417427063
('opt', 'zece') 0.1145971417427063
('70', '50') 0.19362133741378784
('50', '70') 0.19362133741378784
('argint', 'aur') 0.19130748510360718
('aur', 'argint') 0.19130748510360718
('filosofie', 'filozofie') 0.1491793394088745
('filozofie', 'filosofie') 0.1491793394088745
('tegumentar', 'tegument') 0.14501547813415527
('tegument', 'tegumentar') 0.14501547813415527
('19', '14') 0.09634953737258911
('14', '19') 0.09634953737258911
('19', '8') 0.18237072229385376
('8', '19') 0.18237072229385376
('19', '29') 0.104511559009552
('29', '19') 0.104511559009552
('14', '8') 0.15293514728546143
('8', '14') 0.15293514728546143
('14', '29') 0.13422715663909912
('29', '14') 0.13422715663909912
('8', '29') 0.18554776906967163
('29', '8') 0.18554776906967163
('8', '2') 0.16672420501708984
('2', '8') 0.16672420501708984
('est', 'sud') 0.17298465967178345
('sud', 'est') 0.17298465967178345
('14', '6') 0.1978912353515625
('6', '14') 0.1978912353515625
('8', '6') 0.09794086217880249
('6', '8') 0.09794086217880249
('8', '3') 0.13845521211624146
('3', '8') 0.13845521211624146
('19', '22') 0.12991970777511597
('22', '19') 0.12991970777511597
('14', '22') 0.10655134916305542
('22', '14') 0.10655134916305542
('29', '22') 0.13180041313171387
('22', '29') 0.13180041313171387
('mașina', 'mașină') 0.17557984590530396
('mașină', 'mașina') 0.17557984590530396
('șapte', 'trei') 0.196685791015625
('trei', 'șapte') 0.196685791015625
('noiembrie', 'august') 0.08350002765655518
('august', 'noiembrie') 0.08350002765655518
('19', '20') 0.12749600410461426
('20', '19') 0.12749600410461426
('19', '18') 0.055445075035095215
('18', '19') 0.055445075035095215
('19', '15') 0.10972219705581665
('15', '19') 0.10972219705581665
('est', 'vest') 0.12606585025787354
('vest', 'est') 0.12606585025787354
('sativum', 'sativus') 0.12095749378204346
('sativus', 'sativum') 0.12095749378204346
('14', '20') 0.10442739725112915
('20', '14') 0.10442739725112915
('14', '18') 0.07755041122436523
('18', '14') 0.07755041122436523
('14', '15') 0.09043639898300171
('15', '14') 0.09043639898300171
('8', '4') 0.09692353010177612
('4', '8') 0.09692353010177612
('8', '18') 0.17142611742019653
('18', '8') 0.17142611742019653
('8', '15') 0.1650691032409668
('15', '8') 0.1650691032409668
('29', '20') 0.17796683311462402
('20', '29') 0.17796683311462402
('29', '18') 0.1254672408103943
('18', '29') 0.1254672408103943
('29', '15') 0.15167778730392456
('15', '29') 0.15167778730392456
('noiembrie', 'aprilie') 0.06734412908554077
('aprilie', 'noiembrie') 0.06734412908554077
('19', '28') 0.09651166200637817
('28', '19') 0.09651166200637817
('14', '28') 0.12565219402313232
('28', '14') 0.12565219402313232
('8', '28') 0.1777753233909607
('28', '8') 0.1777753233909607
('29', '28') 0.04627358913421631
('28', '29') 0.04627358913421631
('19', '21') 0.10132449865341187
('21', '19') 0.10132449865341187
('14', '21') 0.06697458028793335
('21', '14') 0.06697458028793335
('29', '21') 0.11996829509735107
('21', '29') 0.11996829509735107
('examenul', 'examen') 0.15321838855743408
('examen', 'examenul') 0.15321838855743408
('noiembrie', 'decembrie') 0.06379467248916626
('decembrie', 'noiembrie') 0.06379467248916626
('noiembrie', 'iunie') 0.0777435302734375
('iunie', 'noiembrie') 0.0777435302734375
('șapte', 'opt') 0.16164857149124146
('opt', 'șapte') 0.16164857149124146
('19', '30') 0.1921069622039795
('30', '19') 0.1921069622039795
('14', '30') 0.1506059169769287
('30', '14') 0.1506059169769287
('treizeci', 'cincizeci') 0.1760702133178711
('cincizeci', 'treizeci') 0.1760702133178711
('29', '30') 0.16383081674575806
('30', '29') 0.16383081674575806
('aș', 'Aș') 0.10829693078994751
('Aș', 'aș') 0.10829693078994751
('19', '10') 0.1852569580078125
('10', '19') 0.1852569580078125
('14', '10') 0.12289893627166748
('10', '14') 0.12289893627166748
('8', '10') 0.16058039665222168
('10', '8') 0.16058039665222168
('pungășie', 'pungăși') 0.15697240829467773
('pungăși', 'pungășie') 0.15697240829467773
('2', '6') 0.12141978740692139
('6', '2') 0.12141978740692139
('2', '3') 0.05396181344985962
('3', '2') 0.05396181344985962
('sute', 'mii') 0.11825239658355713
('mii', 'sute') 0.11825239658355713
('fâlfâire', 'fâlfâi') 0.11485368013381958
('fâlfâi', 'fâlfâire') 0.11485368013381958
('foarte', 'extrem') 0.12009203433990479
('extrem', 'foarte') 0.12009203433990479
('atunci', 'când') 0.10176938772201538
('când', 'atunci') 0.10176938772201538
('2', '4') 0.06746232509613037
('4', '2') 0.06746232509613037
('sindrom', 'sindromul') 0.19846701622009277
('sindromul', 'sindrom') 0.19846701622009277
('foarte', 'destul') 0.10049915313720703
('destul', 'foarte') 0.10049915313720703
('2', '1') 0.1452048420906067
('1', '2') 0.1452048420906067
('fâlfâire', 'fâlfâit') 0.11544758081436157
('fâlfâit', 'fâlfâire') 0.11544758081436157
('63', '61') 0.17340439558029175
('61', '63') 0.17340439558029175
('6', '3') 0.08163386583328247
('3', '6') 0.08163386583328247
('diastolică', 'sistolică') 0.16418981552124023
('sistolică', 'diastolică') 0.16418981552124023
('61', '73') 0.12642693519592285
('73', '61') 0.12642693519592285
('24', '22') 0.19225311279296875
('22', '24') 0.19225311279296875
('6', '4') 0.06459826231002808
('4', '6') 0.06459826231002808
('6', '15') 0.1939813494682312
('15', '6') 0.1939813494682312
('3', '4') 0.04147040843963623
('4', '3') 0.04147040843963623
('sud', 'vest') 0.09127521514892578
('vest', 'sud') 0.09127521514892578
('63', '76') 0.16274571418762207
('76', '63') 0.16274571418762207
('extrem', 'destul') 0.14164656400680542
('destul', 'extrem') 0.14164656400680542
('acetilsalicilic', 'salicilic') 0.1890650987625122
('salicilic', 'acetilsalicilic') 0.1890650987625122
('sud', 'nord-vest') 0.1943364143371582
('nord-vest', 'sud') 0.1943364143371582
('24', '21') 0.1986348032951355
('21', '24') 0.1986348032951355
('3', '1') 0.1636357307434082
('1', '3') 0.1636357307434082
('computer', 'calculator') 0.17546510696411133
('calculator', 'computer') 0.17546510696411133
('bună-cuviință', 'bunăcuviință') 0.17896592617034912
('bunăcuviință', 'bună-cuviință') 0.17896592617034912
('fâlfâi', 'fâlfâit') 0.10013484954833984
('fâlfâit', 'fâlfâi') 0.10013484954833984
('indirectă', 'directă') 0.17870557308197021
('directă', 'indirectă') 0.17870557308197021
('intercomunicație', 'intercomunicare') 0.18510103225708008
('intercomunicare', 'intercomunicație') 0.18510103225708008
('decis', 'hotărât') 0.15832215547561646
('hotărât', 'decis') 0.15832215547561646
('târziu', 'devreme') 0.19708698987960815
('devreme', 'târziu') 0.19708698987960815
('22', '20') 0.14701223373413086
('20', '22') 0.14701223373413086
('22', '18') 0.1285465955734253
('18', '22') 0.1285465955734253
('22', '15') 0.15817749500274658
('15', '22') 0.15817749500274658
('negativă', 'pozitivă') 0.1546596884727478
('pozitivă', 'negativă') 0.1546596884727478
('primul', 'ultimul') 0.1797814965248108
('ultimul', 'primul') 0.1797814965248108
('22', '28') 0.13544660806655884
('28', '22') 0.13544660806655884
('confruntare', 'înfruntare') 0.17892539501190186
('înfruntare', 'confruntare') 0.17892539501190186
('subiectul', 'subiect') 0.1971384882926941
('subiect', 'subiectul') 0.1971384882926941
('22', '21') 0.08227604627609253
('21', '22') 0.08227604627609253
('schimbarea', 'schimbare') 0.17648738622665405
('schimbare', 'schimbarea') 0.17648738622665405
('înspre', 'spre') 0.16205734014511108
('spre', 'înspre') 0.16205734014511108
('bogătan', 'bogătaș') 0.19263720512390137
('bogătaș', 'bogătan') 0.19263720512390137
('22', '30') 0.1602025032043457
('30', '22') 0.1602025032043457
('înveșmântat', 'înveșmânta') 0.14377278089523315
('înveșmânta', 'înveșmântat') 0.14377278089523315
('putea', 'poate') 0.17699569463729858
('poate', 'putea') 0.17699569463729858
('estică', 'vestică') 0.15375596284866333
('vestică', 'estică') 0.15375596284866333
('neuromusculară', 'neuromuscular') 0.14301544427871704
('neuromuscular', 'neuromusculară') 0.14301544427871704
('20', '18') 0.11174625158309937
('18', '20') 0.11174625158309937
('20', '15') 0.08006703853607178
('15', '20') 0.08006703853607178
('18', '15') 0.07905775308609009
('15', '18') 0.07905775308609009
('august', 'aprilie') 0.08005523681640625
('aprilie', 'august') 0.08005523681640625
('20', '28') 0.16904515027999878
('28', '20') 0.16904515027999878
('18', '28') 0.11009377241134644
('28', '18') 0.11009377241134644
('anticoncepțional', 'anticoncepțională') 0.15973299741744995
('anticoncepțională', 'anticoncepțional') 0.15973299741744995
('15', '28') 0.13233160972595215
('28', '15') 0.13233160972595215
('vest', 'nord-vest') 0.19642364978790283
('nord-vest', 'vest') 0.19642364978790283
('20', '21') 0.10931545495986938
('21', '20') 0.10931545495986938
('18', '21') 0.09523695707321167
('21', '18') 0.09523695707321167
('15', '21') 0.11122316122055054
('21', '15') 0.11122316122055054
('1000000', '100000') 0.18312621116638184
('100000', '1000000') 0.18312621116638184
('4', '1') 0.17600417137145996
('1', '4') 0.17600417137145996
('august', 'decembrie') 0.10552757978439331
('decembrie', 'august') 0.10552757978439331
('august', 'iunie') 0.07218873500823975
('iunie', 'august') 0.07218873500823975
('solstițiu', 'solstițiul') 0.1506352424621582
('solstițiul', 'solstițiu') 0.1506352424621582
('20', '50') 0.18869054317474365
('50', '20') 0.18869054317474365
('20', '30') 0.09191787242889404
('30', '20') 0.09191787242889404
('18', '30') 0.16233515739440918
('30', '18') 0.16233515739440918
('trebuie', 'trebui') 0.14029473066329956
('trebui', 'trebuie') 0.14029473066329956
('trei', 'opt') 0.12179398536682129
('opt', 'trei') 0.12179398536682129
('deznoda', 'deznod') 0.16268008947372437
('deznod', 'deznoda') 0.16268008947372437
('15', '30') 0.1179855465888977
('30', '15') 0.1179855465888977
('20', '10') 0.10830563306808472
('10', '20') 0.10830563306808472
('18', '10') 0.17031395435333252
('10', '18') 0.17031395435333252
('15', '10') 0.11573249101638794
('10', '15') 0.11573249101638794
('lungă', 'scurtă') 0.17774248123168945
('scurtă', 'lungă') 0.17774248123168945
('28', '21') 0.11029660701751709
('21', '28') 0.11029660701751709
('destup', 'destupa') 0.17977416515350342
('destupa', 'destup') 0.17977416515350342
('găinușa', 'găinușă') 0.1897793412208557
('găinușă', 'găinușa') 0.1897793412208557
('aprilie', 'decembrie') 0.11637663841247559
('decembrie', 'aprilie') 0.11637663841247559
('aprilie', 'iunie') 0.06552368402481079
('iunie', 'aprilie') 0.06552368402481079
('străfulgera', 'străfulgerare') 0.18905752897262573
('străfulgerare', 'străfulgera') 0.18905752897262573
('practica', 'practică') 0.19172978401184082
('practică', 'practica') 0.19172978401184082
('28', '30') 0.16801685094833374
('30', '28') 0.16801685094833374
('sfârșire', 'nesfârșire') 0.19656938314437866
('nesfârșire', 'sfârșire') 0.19656938314437866
('împroșca', 'împroșcare') 0.19491076469421387
('împroșcare', 'împroșca') 0.19491076469421387
('dificil', 'greu') 0.163862943649292
('greu', 'dificil') 0.163862943649292
('încleștat', 'încleșta') 0.09639084339141846
('încleșta', 'încleștat') 0.09639084339141846
('21', '30') 0.144425630569458
('30', '21') 0.144425630569458
('nord-vest', 'sud-vest') 0.13209861516952515
('sud-vest', 'nord-vest') 0.13209861516952515
('cuminec', 'cumineca') 0.16661101579666138
('cumineca', 'cuminec') 0.16661101579666138
('21', '10') 0.16066110134124756
('10', '21') 0.16066110134124756
('hirotonisire', 'hirotonie') 0.1913539171218872
('hirotonie', 'hirotonisire') 0.1913539171218872
('90', '60') 0.14438623189926147
('60', '90') 0.14438623189926147
('decembrie', 'iunie') 0.12272483110427856
('iunie', 'decembrie') 0.12272483110427856
('dezinfectare', 'dezinfecție') 0.196414053440094
('dezinfecție', 'dezinfectare') 0.196414053440094
('60', '50') 0.14665460586547852
('50', '60') 0.14665460586547852
('verticală', 'orizontală') 0.13793891668319702
('orizontală', 'verticală') 0.13793891668319702
('dospită', 'nedospită') 0.13331449031829834
('nedospită', 'dospită') 0.13331449031829834
('30', '10') 0.17239218950271606
('10', '30') 0.17239218950271606
('astăzi', 'azi') 0.14909088611602783
('azi', 'astăzi') 0.14909088611602783
